['big', 'LITTLE', 'offload', 'Total']
[[0.00007695 0.00003815 0.00026181 0.00008069 0.         0.00006758
  0.00006753 0.00013012 0.00002881 0.00000694]
 [0.00265293 0.00262595 0.00260944 0.00275363 0.00280632 0.00275166
  0.00285118 0.00278904 0.00303968 0.0028168 ]
 [0.00006399 0.00008601 0.00009467 0.00011893 0.00011076 0.00012876
  0.00012052 0.00014886 0.00015621 0.00027152]
 [0.00279386 0.00275012 0.00296592 0.00295325 0.00291708 0.002948
  0.00303923 0.00306803 0.00322471 0.00309526]]
[0.         0.         0.         0.         0.         0.00000001
 0.00000004 0.00000015 0.00000056 0.000002  ]
